KNOWN VARIABLE VALUES
Porosity,Permeability
0.1,1e-14

KNOWN WELL PARAMETERS
Initial Pressure,Initial X,Layer Thickness,Action Well Radius,Rock Specific Heat,Rock Heat Conductivity,Rock Density,Rock Compressibility
3600000.0,240.0,100.0,0.0,1000.0,2.5,2500.0,0.0

GRID INFORMATION
Number of Grid Blocks,Number of Constant Sized Blocks,Constant Block Size,Block Growth Factor
100,20,0.01,1.2

PUMP INFORMATION
Pumping Scheme,Number of Pump Times,Deliverability,Production Index,Cutoff Pressure
Step Flows,1,0,0.0,0.0

Time [s],Mass Flowrate [kg/s]
43200.0,-5.0

OBSERVATION POINT 1
Property Observed,Radial Location [m],Number of Observations
Pressure,0.009999,644

Time [s],Observation
0.0,3600000.0
391.91290824261273,2570162.813091679
783.8258164852255,2497562.2342742076
1175.7387247278382,2456142.7086911825
1567.651632970451,2425026.792089163
1959.5645412130636,2399794.2867857404
2351.4774494556764,2380194.951171408
2743.3903576982893,2363405.844632979
3135.303265940902,2348579.041673254
3527.2161741835143,2335000.7467119396
3919.1290824261273,2323425.4323992543
4311.04199066874,2313664.591507285
4702.954898911353,2303930.5533304075
5094.867807153965,2293646.2513278406
5486.780715396579,2284418.8953258162
5878.693623639191,2277704.5001001004
6270.606531881804,2272690.4052376393
6662.519440124416,2267070.7491820166
7054.432348367029,2259368.6754056285
7446.345256609642,2250192.5785581777
7838.258164852255,2241633.338015639
8230.171073094867,2235626.123590888
8622.08398133748,2232561.168073346
9013.996889580092,2231083.666856247
9405.909797822706,2229044.9308040394
9797.822706065319,2224751.014141734
10189.73561430793,2217727.1268504146
10581.648522550544,2208789.190084835
10973.561430793157,2199601.7109075286
11365.474339035769,2191988.50651112
11757.387247278382,2187245.408305992
12149.300155520994,2185685.2169990777
12541.213063763607,2186578.2868931238
12933.12597200622,2188482.1440407843
13325.038880248832,2189769.817451463
13716.951788491446,2189114.7461275207
14108.864696734057,2185784.6064414172
14500.77760497667,2179725.4345457708
14892.690513219284,2171489.2875817427
15284.603421461896,2162067.309810185
15676.51632970451,2152672.8822610485
16068.429237947123,2144506.8235296053
16460.342146189734,2138536.068325489
16852.255054432346,2135321.375137148
17244.16796267496,2134928.3330052495
17636.080870917573,2136941.6515929545
18027.993779160184,2140575.65497895
18419.9066874028,2144845.6039438667
18811.81959564541,2148750.5019434616
19203.732503888023,2151424.8250102536
19595.645412130638,2152236.95897304
19987.55832037325,2150833.0465694703
20379.47122861586,2147137.715918216
20771.384136858476,2141326.5554124187
21163.297045101088,2133782.5859206514
21555.2099533437,2125044.3846378676
21947.122861586315,2115749.622939771
22339.035769828926,2106575.75224714
22730.948678071538,2098179.513360243
23122.86158631415,2091138.297869854
23514.774494556765,2085898.1245413066
23906.687402799376,2082734.0050385194
24298.600311041988,2081728.0608874653
24690.513219284603,2082768.7650524864
25082.426127527215,2085571.4605286673
25474.339035769826,2089716.6492260615
25866.25194401244,2094699.5249505783
26258.164852255053,2099982.796118331
26650.077760497665,2105045.371508068
27041.99066874028,2109421.5798335155
27433.90357698289,2112728.3780485126
27825.816485225503,2114680.562281156
28217.729393468115,2115095.7511945507
28609.64230171073,2113891.7197560826
29001.55520995334,2111078.692809378
29393.468118195953,2106748.7623381023
29785.38102643857,2101063.9535521534
30177.29393468118,2094243.8340156132
30569.20684292379,2086553.0489386723
30961.119751166407,2078288.8206061686
31353.03265940902,2069768.2775456076
31744.94556765163,2061315.4655834427
32136.858475894245,2053248.0132480396
32528.771384136857,2045863.6427078708
32920.68429237947,2039426.9865777255
33312.59720062208,2034157.42331458
33704.51010886469,2030218.802055614
34096.42301710731,2027711.9353456488
34488.33592534992,2026670.581836807
34880.24883359253,2027061.3487586628
35272.161741835145,2028787.5684749505
35664.07465007776,2031696.806967502
36055.98755832037,2035591.3060711692
36447.900466562984,2040240.399115515
36839.8133748056,2045393.8092654352
37231.72628304821,2050794.755235829
37623.63919129082,2056191.9364371346
38015.55209953344,2061349.7115503845
38407.465007776045,2066056.0702536404
38799.37791601866,2070128.2762683192
39191.290824261276,2073416.2920488229
39583.203732503884,2075804.2594823437
39975.1166407465,2077210.402237601
40367.029548989114,2077585.7424227518
40758.94245723172,2076912.0027480542
41150.85536547434,2075199.012885485
41542.76827371695,2072481.8710488086
41934.68118195956,2068818.0408850377
42326.594090202176,2064284.4981333157
42718.50699844479,2058974.9855169444
43110.4199066874,2053054.6940080838
43502.332814930014,3005124.1031721476
43894.24572317263,3078595.9439439187
44286.15863141524,3114150.720900977
44678.07153965785,3138774.7098967116
45069.98444790046,3158989.41099641
45461.897356143076,3171954.1387248198
45853.81026438569,3185258.0603790944
46245.7231726283,3194770.7289492963
46637.636080870914,3205870.319193192
47029.54898911353,3211725.3063014946
47421.46189735614,3219394.0495638507
47813.37480559875,3227717.566826078
48205.28771384137,3231440.939863078
48597.200622083976,3236415.676344609
48989.11353032659,3243754.079827127
49381.026438569206,3248690.6018408136
49772.939346811814,3251380.036967126
50164.85225505443,3254815.076473574
50556.765163297045,3260908.386305147
50948.67807153965,3266664.4881683215
51340.59097978227,3268864.138404214
51732.50388802488,3270796.664385518
52124.41679626749,3272910.5189831695
52516.329704510106,3277866.3139784215
52908.24261275272,3284355.722793013
53300.15552099533,3286052.114175907
53692.068429237945,3287535.3973731333
54083.98133748056,3288875.7955217175
54475.89424572317,3290096.558153813
54867.80715396578,3291215.8450787244
55259.7200622084,3292886.874719184
55651.632970451006,3296994.768996003
56043.54587869362,3301598.129463698
56435.45878693623,3302658.3829652034
56827.371695178845,3303588.08458793
57219.28460342146,3304442.7599162515
57611.19751166407,3305232.7876240974
58003.11041990668,3305966.510835425
58395.0233281493,3306650.929188165
58786.936236391906,3307291.9354644553
59178.84914463452,3307894.508920421
59570.76205287714,3308462.8743849676
59962.674961119745,3309000.6326979995
60354.58786936236,3311465.445390377
60746.500777604975,3315864.373962676
61138.41368584758,3317033.9761667214
61530.3265940902,3317625.7369813407
61922.23950233281,3318177.259416066
62314.15241057542,3318700.511033738
62706.06531881804,3319197.948464251
63097.97822706065,3319671.6626073774
63489.89113530326,3320123.5261620777
63881.804043545875,3321265.594412701
64273.71695178849,3325106.983017668
64665.6298600311,3329453.374528573
65057.54276827371,3329961.056157087
65449.45567651633,3330352.6120441332
65841.36858475894,3330724.0886508864
66233.28149300154,3331078.322816468
66625.19440124417,3331416.329804353
67017.10730948678,3331739.0552774966
67409.02021772938,3332462.7041730406
67800.933125972,3335969.291087319
68192.84603421461,3340786.929140084
68584.75894245722,3341162.4071422634
68976.67185069984,3341376.536465402
69368.58475894245,3341585.5180082293
69760.49766718506,3341793.632562736
70152.41057542768,3342001.0055870973
70544.32348367029,3342207.6538951797
70936.2363919129,3342413.5898397057
71328.14930015552,3352348.1067194473
71720.06220839813,3390196.737508542
72111.97511664074,3434880.6699626506
72503.88802488336,3454712.271393177
72895.80093312597,3466765.4983165553
73287.71384136858,3475409.879644529
73679.6267496112,3482150.1862248625
74071.5396578538,3487671.2336194743
74463.45256609641,3492342.898283884
74855.36547433904,3496388.1410556454
75247.27838258164,3499951.9681251068
75639.19129082425,3503134.0917562554
76031.10419906687,3506006.0698247324
76423.01710730948,3508621.021908294
76814.93001555209,3511019.478454363
77206.84292379471,3513233.07650897
77598.75583203732,3515286.9897316727
77990.66874027993,3517201.5801139907
78382.58164852255,3518993.5529195247
78774.49455676516,3520676.784218248
79166.40746500777,3522262.9264946543
79558.32037325039,3523761.8603238175
79950.233281493,3525182.0367162293
80342.1461897356,3526530.7404490234
80734.05909797823,3527814.295434802
81125.97200622084,3529038.226708686
81517.88491446344,3530207.3896229616
81909.79782270607,3531326.073923553
82301.71073094867,3532398.088334749
82693.62363919128,3533426.8298949804
83085.5365474339,3534415.341244659
83477.44945567651,3535366.358260458
83869.36236391912,3536282.349913881
84261.27527216174,3537165.551886303
84653.18818040435,3538017.995042025
85045.10108864696,3538841.5296914065
85437.01399688958,3539637.8463683473
85828.92690513219,3540408.493668678
86220.8398133748,3541154.8936834657
86612.75272161742,3541878.355369057
87004.66562986003,3542580.086241924
87396.57853810264,3543261.202613988
87788.49144634526,3543922.7384831263
88180.40435458787,3544565.653408303
88572.31726283047,3545190.8394898903
88964.23017107308,3545799.127519819
89356.1430793157,3546391.2924628174
89748.05598755831,3546968.0583351236
90139.96889580092,3547530.1025537197
90531.88180404354,3548078.0598176452
90923.79471228615,3548612.525645663
91315.70762052876,3549134.059498621
91707.62052877138,3549643.1876301747
92099.53343701399,3550140.405660765
92491.4463452566,3550626.1808801554
92883.35925349922,3551100.9543514615
93275.27216174183,3551565.142831575
93667.18506998444,3552019.14054761
94059.09797822706,3552463.3207430555
94451.01088646967,3552898.0371290185
94842.92379471227,3553323.625233952
95234.8367029549,3553740.403640895
95626.7496111975,3554148.675057561
96018.66251944011,3554548.727363833
96410.57542768274,3554940.8345706295
96802.48833592534,3555325.257667274
97194.40124416795,3555702.245446762
97586.31415241057,3556072.03523507
97978.22706065318,3556434.853592432
98370.13996889579,3556790.9169376343
98762.05287713841,3557140.4321310516
99153.96578538102,3557483.597066391
99545.87869362363,3557820.6011216156
99937.79160186625,3558151.6256500892
100329.70451010886,3558476.8444311004
100721.61741835147,3558796.4240976595
101113.53032659409,3559110.5245077563
101505.4432348367,3559419.2990937475
101897.3561430793,3559722.895200786
102289.26905132193,3560021.4543931168
102681.18195956454,3560315.1127814017
103073.09486780714,3560604.0012639835
103465.00777604977,3560888.245788861
103856.92068429237,3561167.9676320716
104248.83359253498,3561443.2835654966
104640.7465007776,3561714.3061031573
105032.65940902021,3561981.143718006
105424.57231726282,3562243.9010238275
105816.48522550544,3562502.678926242
106208.39813374805,3562757.5748141212
106600.31104199066,3563008.6827418446
106992.22395023328,3563256.0935486825
107384.13685847589,3563499.8949960326
107776.0497667185,3563740.1719051003
108167.96267496112,3563977.0063185208
108559.87558320373,3564210.4775796244
108951.78849144634,3564440.662448518
109343.70139968896,3564667.6352479663
109735.61430793157,3564891.4679212254
110127.52721617417,3565112.23014603
110519.4401244168,3565329.989442029
110911.3530326594,3565544.8112603696
111303.26594090201,3565756.759032011
111695.17884914464,3565965.894277737
112087.09175738724,3566172.2766585955
112479.00466562985,3566375.964072163
112870.91757387246,3566577.012719048
113262.83048211508,3566775.477146238
113654.74339035769,3566971.410323876
114046.6562986003,3567164.8637047717
114438.56920684292,3567355.887302069
114830.48211508553,3567544.5296833273
115222.39502332814,3567730.838073477
115614.30793157076,3567914.8584020124
116006.22083981337,3568096.635326771
116398.13374805597,3568276.2122877
116790.0466562986,3568453.631539873
117181.9595645412,3568628.9342354406
117573.87247278381,3568802.16040048
117965.78538102644,3568973.349016982
118357.69828926904,3569142.538067406
118749.61119751165,3569309.7645146335
119141.52410575427,3569475.0643824493
119533.43701399688,3569638.472810014
119925.34992223949,3569800.0239972067
120317.26283048211,3569959.7512786547
120709.17573872472,3570117.687190514
121101.08864696733,3570273.86346416
121493.00155520995,3570428.3110302784
121884.91446345256,3570581.0600454593
122276.82737169517,3570732.1399735827
122668.74027993779,3570881.5795528595
123060.6531881804,3571029.4068324184
123452.566096423,3571175.6492049657
123844.47900466563,3571320.333418374
124236.39191290824,3571463.485569049
124628.30482115084,3571605.1311826175
125020.21772939347,3571745.2951831976
125412.13063763607,3571884.0019034627
125804.04354587868,3572021.2751519466
126195.9564541213,3572157.1381753245
126587.86936236391,3572291.613694391
126979.78227060652,3572424.723942998
127371.69517884914,3572556.490670046
127763.60808709175,3572686.93512531
128155.52099533436,3572816.078096226
128547.43390357698,3572943.9399273293
128939.34681181959,3573070.5405096654
129331.2597200622,3573195.899307574
129723.17262830482,3573320.0353873223
130115.08553654743,3573442.9674074408
130506.99844479004,3573564.713617647
130898.91135303266,3573685.291888645
131290.82426127527,3573804.719726019
131682.73716951787,3573923.014285695
132074.65007776048,3574040.192352486
132466.5629860031,3574156.2703699223
132858.47589424573,3574271.2644353914
133250.38880248833,3574385.190355691
133642.30171073094,3574498.063598584
134034.21461897355,3574609.899321625
134426.12752721616,3574720.712383282
134818.04043545877,3574830.5173587194
135209.9533437014,3574939.328541301
135601.866251944,3575047.159939677
135993.77916018662,3575154.025270517
136385.69206842923,3575259.937986829
136777.60497667184,3575364.9113002345
137169.51788491444,3575468.9581841417
137561.43079315708,3575572.0913298456
137953.3437013997,3575674.3232202036
138345.2566096423,3575775.6660917923
138737.1695178849,3575876.1319444263
139129.0824261275,3575975.7325818827
139520.99533437012,3576074.4795705182
139912.90824261276,3576172.38425199
140304.82115085536,3576269.4577824064
140696.73405909797,3576365.7111045253
141088.64696734058,3576461.1549623753
141480.5598755832,3576555.799916826
141872.4727838258,3576649.6563414317
142264.38569206843,3576742.734415629
142656.29860031104,3576835.044139445
143048.21150855365,3576926.595335193
143440.12441679626,3577017.397654649
143832.03732503887,3577107.460575979
144223.95023328147,3577196.793407625
144615.8631415241,3577285.4053197247
145007.77604976672,3577373.3053122163
145399.68895800933,3577460.502244508
145791.60186625193,3577547.004804466
146183.51477449454,3577632.821527389
146575.42768273715,3577717.9608309856
146967.3405909798,3577802.4309849823
147359.2534992224,3577886.240105624
147751.166407465,3577969.3961833357
148143.0793157076,3578051.907083985
148534.99222395022,3578133.7805322628
148926.90513219283,3578215.0241319407
149318.81804043546,3578295.6453628987
149710.73094867807,3578375.6515829293
150102.64385692068,3578455.0500197653
150494.5567651633,3578533.8478041813
150886.4696734059,3578612.0519530373
151278.3825816485,3578689.669353734
151670.2954898911,3578766.706789772
152062.20839813375,3578843.1709347935
152454.12130637636,3578919.0683751274
152846.03421461897,3578994.4055744335
153237.94712286157,3579069.1889016456
153629.86003110418,3579143.4246451627
154021.7729393468,3579217.118966423
154413.68584758943,3579290.2779394872
154805.59875583203,3579362.9075510167
155197.51166407464,3579435.0137033965
155589.42457231725,3579506.6021940773
155981.33748055986,3579577.678754143
156373.25038880247,3579648.249009797
156765.1632970451,3579718.3185067563
157157.0762052877,3579787.892706372
157548.98911353032,3579856.976996189
157940.90202177293,3579925.5766711915
158332.81493001553,3579993.6969601437
158724.72783825814,3580061.3430183847
159116.64074650078,3580128.519898932
159508.5536547434,3580195.2326208716
159900.466562986,3580261.486110326
160292.3794712286,3580327.2852163054
160684.2923794712,3580392.6347260787
161076.20528771382,3580457.539350747
161468.11819595646,3580522.0037408806
161860.03110419906,3580586.0324760266
162251.94401244167,3580649.630076507
162643.85692068428,3580712.80099787
163035.7698289269,3580775.5496216565
163427.6827371695,3580837.8802819103
163819.59564541213,3580899.797261612
164211.50855365474,3580961.3047676734
164603.42146189735,3581022.4069491643
164995.33437013996,3581083.1079026014
165387.24727838257,3581143.411664969
165779.16018662517,3581203.322203749
166171.0730948678,3581262.843469931
166562.98600311042,3581321.9793327786
166954.89891135303,3581380.7336205356
167346.81181959563,3581439.110093889
167738.72472783824,3581497.112480942
168130.63763608085,3581554.744455842
168522.5505443235,3581612.009640728
168914.4634525661,3581668.9115976216
169306.3763608087,3581725.453847452
169698.2892690513,3581781.639896796
170090.20217729392,3581837.4731658325
170482.11508553653,3581892.95703892
170874.02799377916,3581948.094863057
171265.94090202177,3582002.8899421296
171657.85381026438,3582057.345548435
172049.766718507,3582111.4648922402
172441.6796267496,3582165.2511464907
172833.5925349922,3582218.7074373886
173225.50544323484,3582271.8368662572
173617.41835147745,3582324.642480387
174009.33125972006,3582377.127297718
174401.24416796266,3582429.2943048337
174793.15707620527,3582481.1464421432
175185.06998444788,3582532.6866131024
175576.98289269052,3582583.9176876447
175968.89580093313,3582634.842485
176360.80870917573,3582685.4638224444
176752.72161741834,3582735.784456003
177144.63452566095,3582785.807120194
177536.54743390356,3582835.534503286
177928.46034214617,3582884.9692637497
178320.3732503888,3582934.114032232
178712.2861586314,3582982.9714024155
179104.19906687402,3583031.5439249193
179496.11197511663,3583079.834142083
179888.02488335923,3583127.8445763765
180279.93779160184,3583175.577700735
180671.85069984448,3583223.035952527
181063.7636080871,3583270.221739755
181455.6765163297,3583317.1374464463
181847.5894245723,3583363.7854460552
182239.5023328149,3583410.168064424
182631.41524105752,3583456.287587693
183023.32814930016,3583502.1463057855
183415.24105754276,3583547.7464662995
183807.15396578537,3583593.090299246
184199.06687402798,3583638.179986459
184590.9797822706,3583683.0176960146
184982.8926905132,3583727.605577756
185374.80559875583,3583771.9457645146
185766.71850699844,3583816.0403535664
186158.63141524105,3583859.8914090227
186550.54432348366,3583903.5009839567
186942.45723172626,3583946.8711199416
187334.37013996887,3583990.003803865
187726.2830482115,3584032.9010093613
188118.19595645412,3584075.564693681
188510.10886469673,3584117.9968095603
188902.02177293933,3584160.199263552
189293.93468118194,3584202.1739482153
189685.84758942455,3584243.9227398513
190077.7604976672,3584285.447472064
190469.6734059098,3584326.74999239
190861.5863141524,3584367.8321123477
191253.499222395,3584408.6956111914
191645.41213063762,3584449.3422687696
192037.32503888023,3584489.7738392074
192429.23794712286,3584529.9920512154
192821.15085536547,3584569.9986126404
193213.06376360808,3584609.795216744
193604.9766718507,3584649.3835345367
193996.8895800933,3584688.7652423875
194388.8024883359,3584727.941975185
194780.71539657854,3584766.915344948
195172.62830482115,3584805.686961184
195564.54121306376,3584844.2584191533
195956.45412130636,3584882.631297318
196348.36702954897,3584920.8071462386
196740.27993779158,3584958.787486435
197132.19284603422,3584996.5738439187
197524.10575427682,3585034.1677416973
197916.01866251943,3585071.5706608607
198307.93157076204,3585108.784071883
198699.84447900465,3585145.809442985
199091.75738724726,3585182.6482115355
199483.6702954899,3585219.3018209105
199875.5832037325,3585255.7716741953
200267.4961119751,3585292.059171026
200659.40902021772,3585328.165696091
201051.32192846033,3585364.092618239
201443.23483670293,3585399.8412940316
201835.14774494554,3585435.413069318
202227.06065318818,3585470.809272538
202618.9735614308,3585506.0312364143
203010.8864696734,3585541.08025508
203402.799377916,3585575.9576171446
203794.7122861586,3585610.6645998675
204186.62519440122,3585645.2024653265
204578.53810264386,3585679.572456846
204970.45101088646,3585713.7758211987
205362.36391912907,3585747.8137861397
205754.27682737168,3585781.687565186
206146.1897356143,3585815.3983484646
206538.1026438569,3585848.9473480023
206930.01555209953,3585882.335734061
207321.92846034214,3585915.564668015
207713.84136858475,3585948.635309727
208105.75427682736,3585981.548796611
208497.66718506996,3586014.306284209
208889.58009331257,3586046.908875984
209281.4930015552,3586079.3576803277
209673.40590979782,3586111.6537984665
210065.31881804042,3586143.798321574
210457.23172628303,3586175.7923372723
210849.14463452564,3586207.6369202607
211241.05754276825,3586239.333117824
211632.9704510109,3586270.881984216
212024.8833592535,3586302.284558427
212416.7962674961,3586333.541858772
212808.7091757387,3586364.654919613
213200.62208398132,3586395.624750359
213592.53499222393,3586426.452336433
213984.44790046656,3586457.1386757437
214376.36080870917,3586487.684758216
214768.27371695178,3586518.091549149
215160.1866251944,3586548.360000235
215552.099533437,3586578.4910735292
215944.0124416796,3586608.4857210135
216335.92534992224,3586638.3448695554
216727.83825816485,3586668.0694530974
217119.75116640746,3586697.66039553
217511.66407465006,3586727.1186000244
217903.57698289267,3586756.44496278
218295.48989113528,3586785.640393818
218687.40279937792,3586814.7057730523
219079.31570762052,3586843.641963512
219471.22861586313,3586872.449842506
219863.14152410574,3586901.130274339
220255.05443234835,3586929.684136884
220646.96734059096,3586958.112257261
221038.8802488336,3586986.415480759
221430.7931570762,3587014.5946353544
221822.7060653188,3587042.650536419
222214.61897356142,3587070.5840088385
222606.53188180403,3587098.3958477094
222998.44479004663,3587126.0868687266
223390.35769828927,3587153.6578684803
223782.27060653188,3587181.109633951
224174.1835147745,3587208.442938947
224566.0964230171,3587235.658569397
224958.0093312597,3587262.7572940807
225349.9222395023,3587289.7398512303
225741.83514774492,3587316.607010623
226133.74805598755,3587343.3595194155
226525.66096423016,3587369.9981126534
226917.57387247277,3587396.52353031
227309.48678071538,3587422.9364779326
227701.399688958,3587449.2376997094
228093.3125972006,3587475.427926084
228485.22550544323,3587501.5078358506
228877.13841368584,3587527.478152634
229269.05132192845,3587553.339583962
229660.96423017106,3587579.0927861882
230052.87713841366,3587604.738463027
230444.79004665627,3587630.2772950814
230836.7029548989,3587655.7099616434
231228.61586314152,3587681.0371276853
231620.52877138412,3587706.2594477767
232012.44167962673,3587731.3775724443
232404.35458786934,3587756.3921478917
232796.26749611195,3587781.303841369
233188.18040435459,3587806.1133046327
233580.0933125972,3587830.8211690322
233972.0062208398,3587855.42804796
234363.9191290824,3587879.934552246
234755.83203732502,3587904.341313837
235147.74494556763,3587928.6489538345
235539.65785381026,3587952.8580740476
235931.57076205287,3587976.969279049
236323.48367029548,3588000.983174091
236715.3965785381,3588024.90034822
237107.3094867807,3588048.721395242
237499.2223950233,3588072.4468952334
237891.13530326594,3588096.077438537
238283.04821150855,3588119.6135771926
238674.96111975115,3588143.055890245
239066.87402799376,3588166.4049558816
239458.78693623637,3588189.6613291698
239850.69984447898,3588212.825559972
240242.61275272162,3588235.8982031317
240634.52566096422,3588258.879806647
241026.43856920683,3588281.770909369
241418.35147744944,3588304.5720641506
241810.26438569205,3588327.283796736
242202.17729393466,3588349.90663641
242594.0902021773,3588372.4411064703
242986.0031104199,3588394.8877296285
243377.9160186625,3588417.2470290624
243769.82892690512,3588439.519522436
244161.74183514772,3588461.705711828
244553.65474339033,3588483.8061082345
244945.56765163297,3588505.821199227
245337.48055987558,3588527.7514812658
245729.39346811819,3588549.597459565
246121.3063763608,3588571.3596276413
246513.2192846034,3588593.0384758543
246905.132192846,3588614.634476524
247297.04510108865,3588636.1481027794
247688.95800933125,3588657.5798354996
248080.87091757386,3588678.930143171
248472.78382581647,3588700.1995116067
248864.69673405908,3588721.3883815026
249256.6096423017,3588742.497217698
249648.52255054432,3588763.5264954907
250040.43545878693,3588784.4766383176
250432.34836702954,3588805.3481100397
250824.26127527215,3588826.1413608957
251216.17418351475,3588846.8568397425
251608.08709175736,3588867.4949702164
252000.0,3588888.0732453573
