,,,,0.40000E-11,,,,,0.10000E+00
,,,,,,,,,,,,,,1

,,,,,,,,,,,,,,1,,,,,,,,,,,,,,,1
,,,,0.50000E-01,,,,,0.00000E+00
,,,,,,,,,,,,865,,,,,0.00000E+00
.0000000000000000000000000E+00,.3600000000000000000000000E+07
.2000000000000000000000000E+03,.3600000000000000000000000E+07
.4000000000000000000000000E+03,.3600000000000000000000000E+07
.6000000000000000000000000E+03,.3600000000000000000000000E+07
.8000000000000000000000000E+03,.3599999999999999534338713E+07
.1000000000000000000000000E+04,.3599999999999925494194031E+07
.1200000000000000000000000E+04,.3599999999998024664819241E+07
.1400000000000000000000000E+04,.3599999999979012180119753E+07
.1600000000000000000000000E+04,.3599999999874518718570471E+07
.1800000000000000000000000E+04,.3599999999489615205675364E+07
.2000000000000000000000000E+04,.3599999998416852671653032E+07
.2200000000000000000000000E+04,.3599999995971670839935541E+07
.2400000000000000000000000E+04,.3599999991171270143240690E+07
.2600000000000000000000000E+04,.3599999982759064529091120E+07
.2800000000000000000000000E+04,.3599999969262924045324326E+07
.3000000000000000000000000E+04,.3599999949070901609957218E+07
.3200000000000000000000000E+04,.3599999920509990304708481E+07
.3400000000000000000000000E+04,.3599999881917911116033792E+07
.3600000000000000000000000E+04,.3599999831702471245080233E+07
.3800000000000000000000000E+04,.3599999768386553507298231E+07
.4000000000000000000000000E+04,.3599999690639130305498838E+07
.4200000000000000000000000E+04,.3599999597293942235410213E+07
.4400000000000000000000000E+04,.3599999487358040176331997E+07
.4600000000000000000000000E+04,.3599999360012447927147150E+07
.4800000000000000000000000E+04,.3599999214607029221951962E+07
.5000000000000000000000000E+04,.3599999050651324912905693E+07
.5200000000000000000000000E+04,.3599998867802812252193689E+07
.5400000000000000000000000E+04,.3599998665853704791516066E+07
.5600000000000000000000000E+04,.3599998444717144127935171E+07
.5800000000000000000000000E+04,.3599998204413392115384340E+07
.6000000000000000000000000E+04,.3599997945056458469480276E+07
.6200000000000000000000000E+04,.3599997666841440834105015E+07
.6400000000000000000000000E+04,.3599997370032749604433775E+07
.6600000000000000000000000E+04,.3599997054953313898295164E+07
.6800000000000000000000000E+04,.3599996721974792424589396E+07
.7000000000000000000000000E+04,.3599996371508790180087090E+07
.7200000000000000000000000E+04,.3599996003999029751867056E+07
.7400000000000000000000000E+04,.3599995619914439041167498E+07
.7600000000000000000000000E+04,.3599995219743076711893082E+07
.7800000000000000000000000E+04,.3599994803986835293471813E+07
.8000000000000000000000000E+04,.3599994373156843241304159E+07
.8200000000000000000000000E+04,.3599993927769503556191921E+07
.8400000000000000000000000E+04,.3599993468343097250908613E+07
.8600000000000000000000000E+04,.3599992995394891593605280E+07
.8800000000000000000000000E+04,.3599992509438693523406982E+07
.9000000000000000000000000E+04,.3599992010982799343764782E+07
.9200000000000000000000000E+04,.3599991500528288073837757E+07
.9400000000000000000000000E+04,.3599990978567617479711771E+07
.9600000000000000000000000E+04,.3599990445583482738584280E+07
.9800000000000000000000000E+04,.3599989902047906070947647E+07
.1000000000000000000000000E+05,.3599989348421524744480848E+07
.1020000000000000000000000E+05,.3599988785153046250343323E+07
.1040000000000000000000000E+05,.3599988212678855285048485E+07
.1060000000000000000000000E+05,.3599987631422745995223522E+07
.1080000000000000000000000E+05,.3599987041795758530497551E+07
.1100000000000000000000000E+05,.3599986444196109194308519E+07
.1120000000000000000000000E+05,.3599985839009201154112816E+07
.1140000000000000000000000E+05,.3599985226607692893594503E+07
.1160000000000000000000000E+05,.3599984607351626735180616E+07
.1180000000000000000000000E+05,.3599983981588599737733603E+07
.1200000000000000000000000E+05,.3599983349653970915824175E+07
.1220000000000000000000000E+05,.3599982711871101055294275E+07
.1240000000000000000000000E+05,.3599982068551611620932817E+07
.1260000000000000000000000E+05,.3599981419995667412877083E+07
.1280000000000000000000000E+05,.3599980766492269001901150E+07
.1300000000000000000000000E+05,.3599980108319557737559080E+07
.1320000000000000000000000E+05,.3599979445745127275586128E+07
.1340000000000000000000000E+05,.3599978779026339761912823E+07
.1360000000000000000000000E+05,.3599978108410641551017761E+07
.1380000000000000000000000E+05,.3599977434135883580893278E+07
.1400000000000000000000000E+05,.3599976756430634297430515E+07
.1420000000000000000000000E+05,.3599976075514494441449642E+07
.1440000000000000000000000E+05,.3599975391598404385149479E+07
.1460000000000000000000000E+05,.3599974704884946346282959E+07
.1480000000000000000000000E+05,.3599974015568644274026155E+07
.1500000000000000000000000E+05,.3599973323836250696331263E+07
.1520000000000000000000000E+05,.3599972629867033567279577E+07
.1540000000000000000000000E+05,.3599971933833051007241011E+07
.1560000000000000000000000E+05,.3599971235899419058114290E+07
.1580000000000000000000000E+05,.3599970536224573384970427E+07
.1600000000000000000000000E+05,.3599969834960522595793009E+07
.1620000000000000000000000E+05,.3599969132253089919686317E+07
.1640000000000000000000000E+05,.3599968428242154419422150E+07
.1660000000000000000000000E+05,.3599967723061875905841589E+07
.1680000000000000000000000E+05,.3599967016840917523950338E+07
.1700000000000000000000000E+05,.3599966309702659491449594E+07
.1720000000000000000000000E+05,.3599965601765403524041176E+07
.1740000000000000000000000E+05,.3599964893142571672797203E+07
.1760000000000000000000000E+05,.3599964183942896779626608E+07
.1780000000000000000000000E+05,.3599963474270606879144907E+07
.1800000000000000000000000E+05,.3599962764225601218640804E+07
.1820000000000000000000000E+05,.3599962053903621621429920E+07
.1840000000000000000000000E+05,.3599961343396414071321487E+07
.1860000000000000000000000E+05,.3599960632791887968778610E+07
.1880000000000000000000000E+05,.3599959922178166918456554E+07
.1900000000000000000000000E+05,.3599959211630785837769508E+07
.1920000000000000000000000E+05,.3599958501227431464940310E+07
.1940000000000000000000000E+05,.3599957791042358614504337E+07
.1960000000000000000000000E+05,.3599957081146649550646544E+07
.1980000000000000000000000E+05,.3599956371608342509716749E+07
.2000000000000000000000000E+05,.3599955662492555100470781E+07
.2020000000000000000000000E+05,.3599954953861601185053587E+07
.2040000000000000000000000E+05,.3599954245775106362998486E+07
.2060000000000000000000000E+05,.3599953538290114607661963E+07
.2080000000000000000000000E+05,.3599952831461191643029451E+07
.2100000000000000000000000E+05,.3599952125340523663908243E+07
.2120000000000000000000000E+05,.3599951419978013262152672E+07
.2140000000000000000000000E+05,.3599950715421370230615139E+07
.2160000000000000000000000E+05,.3599950011716196779161692E+07
.2180000000000000000000000E+05,.3599949308906072750687599E+07
.2200000000000000000000000E+05,.3599948607032635249197483E+07
.2220000000000000000000000E+05,.3599947906135653145611286E+07
.2240000000000000000000000E+05,.3599947206253104377537966E+07
.2260000000000000000000000E+05,.3599946507421242538839579E+07
.2280000000000000000000000E+05,.3599945809674666263163090E+07
.2300000000000000000000000E+05,.3599945113046383485198021E+07
.2320000000000000000000000E+05,.3599944417567874304950237E+07
.2340000000000000000000000E+05,.3599943723269149195402861E+07
.2360000000000000000000000E+05,.3599943030178807210177183E+07
.2380000000000000000000000E+05,.3599942338324091397225857E+07
.2400000000000000000000000E+05,.3599941647730939090251923E+07
.2420000000000000000000000E+05,.3599940958424034994095564E+07
.2440000000000000000000000E+05,.3599940270426858682185411E+07
.2460000000000000000000000E+05,.3599939583761731162667274E+07
.2480000000000000000000000E+05,.3599938898449859581887722E+07
.2500000000000000000000000E+05,.3599938214511380065232515E+07
.2520000000000000000000000E+05,.3599937531965400092303753E+07
.2540000000000000000000000E+05,.3599936850830036215484142E+07
.2560000000000000000000000E+05,.3599936171122454106807709E+07
.2580000000000000000000000E+05,.3599935492858903482556343E+07
.2600000000000000000000000E+05,.3599934816054754424840212E+07
.2620000000000000000000000E+05,.3599934140724531374871731E+07
.2640000000000000000000000E+05,.3599933466881943866610527E+07
.2660000000000000000000000E+05,.3599932794539919588714838E+07
.2680000000000000000000000E+05,.3599932123710632789880037E+07
.2700000000000000000000000E+05,.3599931454405535478144884E+07
.2720000000000000000000000E+05,.3599930786635382100939751E+07
.2740000000000000000000000E+05,.3599930120410259347409010E+07
.2760000000000000000000000E+05,.3599929455739608034491539E+07
.2780000000000000000000000E+05,.3599928792632252443581820E+07
.2800000000000000000000000E+05,.3599928131096419412642717E+07
.2820000000000000000000000E+05,.3599927471139764878898859E+07
.2840000000000000000000000E+05,.3599926812769392970949411E+07
.2860000000000000000000000E+05,.3599926155991878360509872E+07
.2880000000000000000000000E+05,.3599925500813287682831287E+07
.2900000000000000000000000E+05,.3599924847239197231829166E+07
.2920000000000000000000000E+05,.3599924195274712517857552E+07
.2940000000000000000000000E+05,.3599923544924485962837934E+07
.2960000000000000000000000E+05,.3599922896192735526710749E+07
.2980000000000000000000000E+05,.3599922249083260074257851E+07
.3000000000000000000000000E+05,.3599921603599456138908863E+07
.3020000000000000000000000E+05,.3599920959744333755224943E+07
.3040000000000000000000000E+05,.3599920317520530428737402E+07
.3060000000000000000000000E+05,.3599919676930327434092760E+07
.3080000000000000000000000E+05,.3599919037975660525262356E+07
.3100000000000000000000000E+05,.3599918400658137630671263E+07
.3120000000000000000000000E+05,.3599917764979047235101461E+07
.3140000000000000000000000E+05,.3599917130939373746514320E+07
.3160000000000000000000000E+05,.3599916498539808206260204E+07
.3180000000000000000000000E+05,.3599915867780761327594519E+07
.3200000000000000000000000E+05,.3599915238662371411919594E+07
.3220000000000000000000000E+05,.3599914611184518318623304E+07
.3240000000000000000000000E+05,.3599913985346831846982241E+07
.3260000000000000000000000E+05,.3599913361148702912032604E+07
.3280000000000000000000000E+05,.3599912738589290995150805E+07
.3300000000000000000000000E+05,.3599912117667536716908216E+07
.3320000000000000000000000E+05,.3599911498382166493684053E+07
.3340000000000000000000000E+05,.3599910880731704644858837E+07
.3360000000000000000000000E+05,.3599910264714480377733707E+07
.3380000000000000000000000E+05,.3599909650328634772449732E+07
.3400000000000000000000000E+05,.3599909037572130095213652E+07
.3420000000000000000000000E+05,.3599908426442755851894617E+07
.3440000000000000000000000E+05,.3599907816938136238604784E+07
.3460000000000000000000000E+05,.3599907209055738523602486E+07
.3480000000000000000000000E+05,.3599906602792876306921244E+07
.3500000000000000000000000E+05,.3599905998146719299256802E+07
.3520000000000000000000000E+05,.3599905395114297512918711E+07
.3540000000000000000000000E+05,.3599904793692507781088352E+07
.3560000000000000000000000E+05,.3599904193878119345754385E+07
.3580000000000000000000000E+05,.3599903595667779911309481E+07
.3600000000000000000000000E+05,.3599902999058019835501909E+07
.3620000000000000000000000E+05,.3599902404045257717370987E+07
.3640000000000000000000000E+05,.3599901810625806916505098E+07
.3660000000000000000000000E+05,.3599901218795876950025558E+07
.3680000000000000000000000E+05,.3599900628551581408828497E+07
.3700000000000000000000000E+05,.3599900039888940285891294E+07
.3720000000000000000000000E+05,.3599899452803886029869318E+07
.3740000000000000000000000E+05,.3599898867292265407741070E+07
.3760000000000000000000000E+05,.3599898283349845092743635E+07
.3780000000000000000000000E+05,.3599897700972315389662981E+07
.3800000000000000000000000E+05,.3599897120155293494462967E+07
.3820000000000000000000000E+05,.3599896540894326753914356E+07
.3840000000000000000000000E+05,.3599895963184897322207689E+07
.3860000000000000000000000E+05,.3599895387022424023598433E+07
.3880000000000000000000000E+05,.3599894812402267009019852E+07
.3900000000000000000000000E+05,.3599894239319729153066874E+07
.3920000000000000000000000E+05,.3599893667770060244947672E+07
.3940000000000000000000000E+05,.3599893097748460713773966E+07
.3960000000000000000000000E+05,.3599892529250081162899733E+07
.3980000000000000000000000E+05,.3599891962270028889179230E+07
.4000000000000000000000000E+05,.3599891396803367882966995E+07
.4020000000000000000000000E+05,.3599890832845122087746859E+07
.4040000000000000000000000E+05,.3599890270390278194099665E+07
.4060000000000000000000000E+05,.3599889709433787502348423E+07
.4080000000000000000000000E+05,.3599889149970567785203457E+07
.4100000000000000000000000E+05,.3599888591995507013052702E+07
.4120000000000000000000000E+05,.3599888035503462888300419E+07
.4140000000000000000000000E+05,.3599887480489267036318779E+07
.4160000000000000000000000E+05,.3599886926947726402431726E+07
.4180000000000000000000000E+05,.3599886374873624183237553E+07
.4200000000000000000000000E+05,.3599885824261722620576620E+07
.4220000000000000000000000E+05,.3599885275106764398515224E+07
.4240000000000000000000000E+05,.3599884727403474505990744E+07
.4260000000000000000000000E+05,.3599884181146561168134212E+07
.4280000000000000000000000E+05,.3599883636330718174576759E+07
.4300000000000000000000000E+05,.3599883092950626276433468E+07
.4320000000000000000000000E+05,.3599882551000954117625952E+07
.4340000000000000000000000E+05,.3599882010476360097527504E+07
.4360000000000000000000000E+05,.3599881471371492836624384E+07
.4380000000000000000000000E+05,.3599880933680993970483541E+07
.4400000000000000000000000E+05,.3599880397399498149752617E+07
.4420000000000000000000000E+05,.3599879862521634902805090E+07
.4440000000000000000000000E+05,.3599879329042029567062855E+07
.4460000000000000000000000E+05,.3599878796955303288996220E+07
.4480000000000000000000000E+05,.3599878266256077215075493E+07
.4500000000000000000000000E+05,.3599877736938969232141972E+07
.4520000000000000000000000E+05,.3599877208998598158359528E+07
.4540000000000000000000000E+05,.3599876682429584674537182E+07
.4560000000000000000000000E+05,.3599876157226548995822668E+07
.4580000000000000000000000E+05,.3599875633384116459637880E+07
.4600000000000000000000000E+05,.3599875110896913800388575E+07
.4620000000000000000000000E+05,.3599874589759573340415955E+07
.4640000000000000000000000E+05,.3599874069966732989996672E+07
.4660000000000000000000000E+05,.3599873551513034384697676E+07
.4680000000000000000000000E+05,.3599873034393128473311663E+07
.4700000000000000000000000E+05,.3599872518601670861244202E+07
.4720000000000000000000000E+05,.3599872004133327864110470E+07
.4740000000000000000000000E+05,.3599871490982771385461092E+07
.4760000000000000000000000E+05,.3599870979144685436040163E+07
.4780000000000000000000000E+05,.3599870468613761477172375E+07
.4800000000000000000000000E+05,.3599869959384702611714602E+07
.4820000000000000000000000E+05,.3599869451452222652733326E+07
.4840000000000000000000000E+05,.3599868944811046589165926E+07
.4860000000000000000000000E+05,.3599868439455911517143250E+07
.4880000000000000000000000E+05,.3599867935381567105650902E+07
.4900000000000000000000000E+05,.3599867432582775596529245E+07
.4920000000000000000000000E+05,.3599866931054312270134687E+07
.4940000000000000000000000E+05,.3599866430790967307984829E+07
.4960000000000000000000000E+05,.3599865931787542998790741E+07
.4980000000000000000000000E+05,.3599865434038858395069838E+07
.5000000000000000000000000E+05,.3599864937539746053516865E+07
.5020000000000000000000000E+05,.3599864442285053897649050E+07
.5040000000000000000000000E+05,.3599863948269646149128675E+07
.5060000000000000000000000E+05,.3599863455488401465117931E+07
.5080000000000000000000000E+05,.3599862963936216663569212E+07
.5100000000000000000000000E+05,.3599862473608002997934818E+07
.5120000000000000000000000E+05,.3599861984498690348118544E+07
.5140000000000000000000000E+05,.3599861496603224426507950E+07
.5160000000000000000000000E+05,.3599861009916568640619516E+07
.5180000000000000000000000E+05,.3599860524433703161776066E+07
.5200000000000000000000000E+05,.3599860040149627719074488E+07
.5220000000000000000000000E+05,.3599859557059358339756727E+07
.5240000000000000000000000E+05,.3599859075157929211854935E+07
.5260000000000000000000000E+05,.3599858594440394081175327E+07
.5280000000000000000000000E+05,.3599858114901824854314327E+07
.5300000000000000000000000E+05,.3599857636537311132997274E+07
.5320000000000000000000000E+05,.3599857159341962076723576E+07
.5340000000000000000000000E+05,.3599856683310906402766705E+07
.5360000000000000000000000E+05,.3599856208439291454851627E+07
.5380000000000000000000000E+05,.3599855734722283668816090E+07
.5400000000000000000000000E+05,.3599855262155069038271904E+07
.5420000000000000000000000E+05,.3599854790732854045927525E+07
.5440000000000000000000000E+05,.3599854320450862869620323E+07
.5460000000000000000000000E+05,.3599853851304341573268175E+07
.5480000000000000000000000E+05,.3599853383288554847240448E+07
.5500000000000000000000000E+05,.3599852916398787871003151E+07
.5520000000000000000000000E+05,.3599852450630344916135073E+07
.5540000000000000000000000E+05,.3599851985978551208972931E+07
.5560000000000000000000000E+05,.3599851522438751999288797E+07
.5580000000000000000000000E+05,.3599851060006313491612673E+07
.5600000000000000000000000E+05,.3599850598676620051264763E+07
.5620000000000000000000000E+05,.3599850138445078860968351E+07
.5640000000000000000000000E+05,.3599849679307115264236927E+07
.5660000000000000000000000E+05,.3599849221258177421987057E+07
.5680000000000000000000000E+05,.3599848764293731190264225E+07
.5700000000000000000000000E+05,.3599848308409265708178282E+07
.5720000000000000000000000E+05,.3599847853600288275629282E+07
.5740000000000000000000000E+05,.3599847399862328078597784E+07
.5760000000000000000000000E+05,.3599846947190934326499701E+07
.5780000000000000000000000E+05,.3599846495581676717847586E+07
.5800000000000000000000000E+05,.3599846045030145905911922E+07
.5820000000000000000000000E+05,.3599845595531952567398548E+07
.5840000000000000000000000E+05,.3599845147082728333771229E+07
.5860000000000000000000000E+05,.3599844699678125791251659E+07
.5880000000000000000000000E+05,.3599844253313816618174314E+07
.5900000000000000000000000E+05,.3599843807985493913292885E+07
.5920000000000000000000000E+05,.3599843363688872195780277E+07
.5940000000000000000000000E+05,.3599842920419684611260891E+07
.5960000000000000000000000E+05,.3599842478173685725778341E+07
.5980000000000000000000000E+05,.3599842036946651060134172E+07
.6000000000000000000000000E+05,.3599841596734375692903996E+07
.6020000000000000000000000E+05,.3599841157532675191760063E+07
.6040000000000000000000000E+05,.3599840719337385147809982E+07
.6060000000000000000000000E+05,.3599840282144363038241863E+07
.6080000000000000000000000E+05,.3599839845949484501034021E+07
.6100000000000000000000000E+05,.3599839410748646594583988E+07
.6120000000000000000000000E+05,.3599838976537766400724649E+07
.6140000000000000000000000E+05,.3599838543312781024724245E+07
.6160000000000000000000000E+05,.3599838111069647595286369E+07
.6180000000000000000000000E+05,.3599837679804343264549971E+07
.6200000000000000000000000E+05,.3599837249512865208089352E+07
.6220000000000000000000000E+05,.3599836820191230159252882E+07
.6240000000000000000000000E+05,.3599836391835475806146860E+07
.6260000000000000000000000E+05,.3599835964441658463329077E+07
.6280000000000000000000000E+05,.3599835538005854468792677E+07
.6300000000000000000000000E+05,.3599835112524160183966160E+07
.6320000000000000000000000E+05,.3599834687992691528052092E+07
.6340000000000000000000000E+05,.3599834264407583978027105E+07
.6360000000000000000000000E+05,.3599833841764991637319326E+07
.6380000000000000000000000E+05,.3599833420061089098453522E+07
.6400000000000000000000000E+05,.3599832999292070511728525E+07
.6420000000000000000000000E+05,.3599832579454148188233376E+07
.6440000000000000000000000E+05,.3599832160543554462492466E+07
.6460000000000000000000000E+05,.3599831742556540295481682E+07
.6480000000000000000000000E+05,.3599831325489376205950975E+07
.6500000000000000000000000E+05,.3599830909338351804763079E+07
.6520000000000000000000000E+05,.3599830494099774863570929E+07
.6540000000000000000000000E+05,.3599830079769972711801529E+07
.6560000000000000000000000E+05,.3599829666345291305333376E+07
.6580000000000000000000000E+05,.3599829253822095226496458E+07
.6600000000000000000000000E+05,.3599828842196767684072256E+07
.6620000000000000000000000E+05,.3599828431465710047632456E+07
.6640000000000000000000000E+05,.3599828021625342778861523E+07
.6660000000000000000000000E+05,.3599827612672104034572840E+07
.6680000000000000000000000E+05,.3599827204602451529353857E+07
.6700000000000000000000000E+05,.3599826797412859741598368E+07
.6720000000000000000000000E+05,.3599826391099821776151657E+07
.6740000000000000000000000E+05,.3599825985659849364310503E+07
.6760000000000000000000000E+05,.3599825581089471932500601E+07
.6780000000000000000000000E+05,.3599825177385235670953989E+07
.6800000000000000000000000E+05,.3599824774543706793338060E+07
.6820000000000000000000000E+05,.3599824372561466880142689E+07
.6840000000000000000000000E+05,.3599823971435117069631815E+07
.6860000000000000000000000E+05,.3599823571161274798214436E+07
.6880000000000000000000000E+05,.3599823171736575663089752E+07
.6900000000000000000000000E+05,.3599822773157672490924597E+07
.6920000000000000000000000E+05,.3599822375421235337853432E+07
.6940000000000000000000000E+05,.3599821978523951489478350E+07
.6960000000000000000000000E+05,.3599821582462524995207787E+07
.6980000000000000000000000E+05,.3599821187233678065240383E+07
.7000000000000000000000000E+05,.3599820792834148742258549E+07
.7020000000000000000000000E+05,.3599820399260692298412323E+07
.7040000000000000000000000E+05,.3599820006510081235319376E+07
.7060000000000000000000000E+05,.3599819614579103887081146E+07
.7080000000000000000000000E+05,.3599819223464566282927990E+07
.7100000000000000000000000E+05,.3599818833163289818912745E+07
.7120000000000000000000000E+05,.3599818443672113586217165E+07
.7140000000000000000000000E+05,.3599818054987892042845488E+07
.7160000000000000000000000E+05,.3599817667107496876269579E+07
.7180000000000000000000000E+05,.3599817280027814675122499E+07
.7200000000000000000000000E+05,.3599816893745748791843653E+07
.7220000000000000000000000E+05,.3599816508258219808340073E+07
.7240000000000000000000000E+05,.3599816123562162276357412E+07
.7260000000000000000000000E+05,.3599815739654527511447668E+07
.7280000000000000000000000E+05,.3599815356532282661646605E+07
.7300000000000000000000000E+05,.3599814974192410707473755E+07
.7320000000000000000000000E+05,.3599814592631909530609846E+07
.7340000000000000000000000E+05,.3599814211847793310880661E+07
.7360000000000000000000000E+05,.3599813831837091129273176E+07
.7380000000000000000000000E+05,.3599813452596847433596849E+07
.7400000000000000000000000E+05,.3599813074124122969806194E+07
.7420000000000000000000000E+05,.3599812696415991988033056E+07
.7440000000000000000000000E+05,.3599812319469545036554337E+07
.7460000000000000000000000E+05,.3599811943281887564808130E+07
.7480000000000000000000000E+05,.3599811567850138992071152E+07
.7500000000000000000000000E+05,.3599811193171434570103884E+07
.7520000000000000000000000E+05,.3599810819242924451828003E+07
.7540000000000000000000000E+05,.3599810446061772760003805E+07
.7560000000000000000000000E+05,.3599810073625158518552780E+07
.7580000000000000000000000E+05,.3599809701930275186896324E+07
.7600000000000000000000000E+05,.3599809330974331125617027E+07
.7620000000000000000000000E+05,.3599808960754548199474812E+07
.7640000000000000000000000E+05,.3599808591268163174390793E+07
.7660000000000000000000000E+05,.3599808222512427251785994E+07
.7680000000000000000000000E+05,.3599807854484604671597481E+07
.7700000000000000000000000E+05,.3599807487181975040584803E+07
.7720000000000000000000000E+05,.3599807120601830538362265E+07
.7740000000000000000000000E+05,.3599806754741478711366653E+07
.7760000000000000000000000E+05,.3599806389598239678889513E+07
.7780000000000000000000000E+05,.3599806025169447995722294E+07
.7800000000000000000000000E+05,.3599805661452451255172491E+07
.7820000000000000000000000E+05,.3599805298444611486047506E+07
.7840000000000000000000000E+05,.3599804936143302824348211E+07
.7860000000000000000000000E+05,.3599804574545914307236671E+07
.7880000000000000000000000E+05,.3599804213649847544729710E+07
.7900000000000000000000000E+05,.3599803853452517185360193E+07
.7920000000000000000000000E+05,.3599803493951351381838322E+07
.7940000000000000000000000E+05,.3599803135143791325390339E+07
.7960000000000000000000000E+05,.3599802777027291711419821E+07
.7980000000000000000000000E+05,.3599802419599318876862526E+07
.8000000000000000000000000E+05,.3599802062857353594154119E+07
.8020000000000000000000000E+05,.3599801706798888277262449E+07
.8040000000000000000000000E+05,.3599801351421428378671408E+07
.8060000000000000000000000E+05,.3599800996722492389380932E+07
.8080000000000000000000000E+05,.3599800642699610907584429E+07
.8100000000000000000000000E+05,.3599800289350327104330063E+07
.8120000000000000000000000E+05,.3599799936672196723520756E+07
.8140000000000000000000000E+05,.3599799584662787616252899E+07
.8160000000000000000000000E+05,.3599799233319680206477642E+07
.8180000000000000000000000E+05,.3599798882640467025339603E+07
.8200000000000000000000000E+05,.3599798532622752711176872E+07
.8220000000000000000000000E+05,.3599798183264153543859720E+07
.8240000000000000000000000E+05,.3599797834562298841774464E+07
.8260000000000000000000000E+05,.3599797486514828633517027E+07
.8280000000000000000000000E+05,.3599797139119395520538092E+07
.8300000000000000000000000E+05,.3599796792373664211481810E+07
.8320000000000000000000000E+05,.3599796446275309659540653E+07
.8340000000000000000000000E+05,.3599796100822020322084427E+07
.8360000000000000000000000E+05,.3599795756011494901031256E+07
.8380000000000000000000000E+05,.3599795411841444205492735E+07
.8400000000000000000000000E+05,.3599795068309590220451355E+07
.8420000000000000000000000E+05,.3599794725413666572421789E+07
.8440000000000000000000000E+05,.3599794383151417598128319E+07
.8460000000000000000000000E+05,.3599794041520599741488695E+07
.8480000000000000000000000E+05,.3599793700518980156630278E+07
.8500000000000000000000000E+05,.3599793360144336707890034E+07
.8520000000000000000000000E+05,.3599793020394458901137114E+07
.8540000000000000000000000E+05,.3599792681267146952450275E+07
.8560000000000000000000000E+05,.3599792342760212253779173E+07
.8580000000000000000000000E+05,.3599792004871476907283068E+07
.8600000000000000000000000E+05,.3599791667598772794008255E+07
.8620000000000000000000000E+05,.3599791330939944833517075E+07
.8640000000000000000000000E+05,.3599790994892845861613750E+07
.8660000000000000000000000E+05,.3599790659455341286957264E+07
.8680000000000000000000000E+05,.3599790324625306297093630E+07
.8700000000000000000000000E+05,.3599789990400626789778471E+07
.8720000000000000000000000E+05,.3599789656779198441654444E+07
.8740000000000000000000000E+05,.3599789323758928105235100E+07
.8760000000000000000000000E+05,.3599788991337732411921024E+07
.8780000000000000000000000E+05,.3599788659513537771999836E+07
.8800000000000000000000000E+05,.3599788328284282237291336E+07
.8820000000000000000000000E+05,.3599787997647912241518497E+07
.8840000000000000000000000E+05,.3599787667602385859936476E+07
.8860000000000000000000000E+05,.3599787338145669549703598E+07
.8880000000000000000000000E+05,.3599787009275740478187799E+07
.8900000000000000000000000E+05,.3599786680990585591644049E+07
.8920000000000000000000000E+05,.3599786353288202546536922E+07
.8940000000000000000000000E+05,.3599786026166596915572882E+07
.8960000000000000000000000E+05,.3599785699623785447329283E+07
.8980000000000000000000000E+05,.3599785373657793272286654E+07
.9000000000000000000000000E+05,.3599785048266656696796417E+07
.9020000000000000000000000E+05,.3599784723448419943451881E+07
.9040000000000000000000000E+05,.3599784399201137945055962E+07
.9060000000000000000000000E+05,.3599784075522874481976032E+07
.9080000000000000000000000E+05,.3599783752411702182143927E+07
.9100000000000000000000000E+05,.3599783429865703452378511E+07
.9120000000000000000000000E+05,.3599783107882970478385687E+07
.9140000000000000000000000E+05,.3599782786461603827774525E+07
.9160000000000000000000000E+05,.3599782465599713381379843E+07
.9180000000000000000000000E+05,.3599782145295417867600918E+07
.9200000000000000000000000E+05,.3599781825546846259385347E+07
.9220000000000000000000000E+05,.3599781506352134514600039E+07
.9240000000000000000000000E+05,.3599781187709429301321507E+07
.9260000000000000000000000E+05,.3599780869616885203868151E+07
.9280000000000000000000000E+05,.3599780552072665654122829E+07
.9300000000000000000000000E+05,.3599780235074943397194147E+07
.9320000000000000000000000E+05,.3599779918621899094432592E+07
.9340000000000000000000000E+05,.3599779602711722254753113E+07
.9360000000000000000000000E+05,.3599779287342612165957689E+07
.9380000000000000000000000E+05,.3599778972512774635106325E+07
.9400000000000000000000000E+05,.3599778658220425248146057E+07
.9420000000000000000000000E+05,.3599778344463788438588381E+07
.9440000000000000000000000E+05,.3599778031241096090525389E+07
.9460000000000000000000000E+05,.3599777718550588469952345E+07
.9480000000000000000000000E+05,.3599777406390515156090260E+07
.9500000000000000000000000E+05,.3599777094759132247418165E+07
.9520000000000000000000000E+05,.3599776783654706086963415E+07
.9540000000000000000000000E+05,.3599776473075510002672672E+07
.9560000000000000000000000E+05,.3599776163019825238734484E+07
.9580000000000000000000000E+05,.3599775853485941421240568E+07
.9600000000000000000000000E+05,.3599775544472156558185816E+07
.9620000000000000000000000E+05,.3599775235976776573807001E+07
.9640000000000000000000000E+05,.3599774927998114377260208E+07
.9660000000000000000000000E+05,.3599774620534492190927267E+07
.9680000000000000000000000E+05,.3599774313584238756448030E+07
.9700000000000000000000000E+05,.3599774007145691663026810E+07
.9720000000000000000000000E+05,.3599773701217195019125938E+07
.9740000000000000000000000E+05,.3599773395797102246433496E+07
.9760000000000000000000000E+05,.3599773090883772820234299E+07
.9780000000000000000000000E+05,.3599772786475575063377619E+07
.9800000000000000000000000E+05,.3599772482570883817970753E+07
.9820000000000000000000000E+05,.3599772179168082308024168E+07
.9840000000000000000000000E+05,.3599771876265560742467642E+07
.9860000000000000000000000E+05,.3599771573861717246472836E+07
.9880000000000000000000000E+05,.3599771271954956464469433E+07
.9900000000000000000000000E+05,.3599770970543690957129002E+07
.9920000000000000000000000E+05,.3599770669626341201364994E+07
.9940000000000000000000000E+05,.3599770369201333262026310E+07
.9960000000000000000000000E+05,.3599770069267102517187595E+07
.9980000000000000000000000E+05,.3599769769822089932858944E+07
.1000000000000000000000000E+06,.3599769470864743925631046E+07
.1002000000000000000000000E+06,.3599769172393520828336477E+07
.1004000000000000000000000E+06,.3599768874406882561743259E+07
.1006000000000000000000000E+06,.3599768576903299894183874E+07
.1008000000000000000000000E+06,.3599768279881248716264963E+07
.1010000000000000000000000E+06,.3599767983339213300496340E+07
.1012000000000000000000000E+06,.3599767687275683972984552E+07
.1014000000000000000000000E+06,.3599767391689158044755459E+07
.1016000000000000000000000E+06,.3599767096578140277415514E+07
.1018000000000000000000000E+06,.3599766801941141486167908E+07
.1020000000000000000000000E+06,.3599766507776679471135139E+07
.1022000000000000000000000E+06,.3599766214083278086036444E+07
.1024000000000000000000000E+06,.3599765920859469566494226E+07
.1026000000000000000000000E+06,.3599765628103790804743767E+07
.1028000000000000000000000E+06,.3599765335814787074923515E+07
.1030000000000000000000000E+06,.3599765043991007842123508E+07
.1032000000000000000000000E+06,.3599764752631011884659529E+07
.1034000000000000000000000E+06,.3599764461733362637460232E+07
.1036000000000000000000000E+06,.3599764171296630054712296E+07
.1038000000000000000000000E+06,.3599763881319391541182995E+07
.1040000000000000000000000E+06,.3599763591800229623913765E+07
.1042000000000000000000000E+06,.3599763302737733814865351E+07
.1044000000000000000000000E+06,.3599763014130500145256519E+07
.1046000000000000000000000E+06,.3599762725977130234241486E+07
.1048000000000000000000000E+06,.3599762438276232220232487E+07
.1050000000000000000000000E+06,.3599762151026420760899782E+07
.1052000000000000000000000E+06,.3599761864226316101849079E+07
.1054000000000000000000000E+06,.3599761577874545473605394E+07
.1056000000000000000000000E+06,.3599761291969740763306618E+07
.1058000000000000000000000E+06,.3599761006510541774332523E+07
.1060000000000000000000000E+06,.3599760721495592035353184E+07
.1062000000000000000000000E+06,.3599760436923543456941843E+07
.1064000000000000000000000E+06,.3599760152793052140623331E+07
.1066000000000000000000000E+06,.3599759869102780707180500E+07
.1068000000000000000000000E+06,.3599759585851397830992937E+07
.1070000000000000000000000E+06,.3599759303037577774375677E+07
.1072000000000000000000000E+06,.3599759020660001318901777E+07
.1074000000000000000000000E+06,.3599758738717353437095881E+07
.1076000000000000000000000E+06,.3599758457208326552063227E+07
.1078000000000000000000000E+06,.3599758176131617743521929E+07
.1080000000000000000000000E+06,.3599757895485930144786835E+07
.1082000000000000000000000E+06,.3599757615269972477108240E+07
.1084000000000000000000000E+06,.3599757335482459515333176E+07
.1086000000000000000000000E+06,.3599757056122111156582832E+07
.1088000000000000000000000E+06,.3599756777187652420252562E+07
.1090000000000000000000000E+06,.3599756498677815310657024E+07
.1092000000000000000000000E+06,.3599756220591335091739893E+07
.1094000000000000000000000E+06,.3599755942926954943686724E+07
.1096000000000000000000000E+06,.3599755665683422237634659E+07
.1098000000000000000000000E+06,.3599755388859489001333714E+07
.1100000000000000000000000E+06,.3599755112453914713114500E+07
.1102000000000000000000000E+06,.3599754836465461645275354E+07
.1104000000000000000000000E+06,.3599754560892899986356497E+07
.1106000000000000000000000E+06,.3599754285735003650188446E+07
.1108000000000000000000000E+06,.3599754010990551672875881E+07
.1110000000000000000000000E+06,.3599753736658328678458929E+07
.1112000000000000000000000E+06,.3599753462737125344574451E+07
.1114000000000000000000000E+06,.3599753189225736539810896E+07
.1116000000000000000000000E+06,.3599752916122962255030870E+07
.1118000000000000000000000E+06,.3599752643427607603371143E+07
.1120000000000000000000000E+06,.3599752371138483751565218E+07
.1122000000000000000000000E+06,.3599752099254406057298183E+07
.1124000000000000000000000E+06,.3599751827774194534868002E+07
.1126000000000000000000000E+06,.3599751556696675252169371E+07
.1128000000000000000000000E+06,.3599751286020678933709860E+07
.1130000000000000000000000E+06,.3599751015745040494948626E+07
.1132000000000000000000000E+06,.3599750745868600904941559E+07
.1134000000000000000000000E+06,.3599750476390205323696136E+07
.1136000000000000000000000E+06,.3599750207308703567832708E+07
.1138000000000000000000000E+06,.3599749938622951507568359E+07
.1140000000000000000000000E+06,.3599749670331808272749186E+07
.1142000000000000000000000E+06,.3599749402434138581156731E+07
.1144000000000000000000000E+06,.3599749134928812738507986E+07
.1146000000000000000000000E+06,.3599748867814703844487667E+07
.1148000000000000000000000E+06,.3599748601090691052377224E+07
.1150000000000000000000000E+06,.3599748334755658172070980E+07
.1152000000000000000000000E+06,.3599748068808493670076132E+07
.1154000000000000000000000E+06,.3599747803248090203851461E+07
.1156000000000000000000000E+06,.3599747538073345087468624E+07
.1158000000000000000000000E+06,.3599747273283160757273436E+07
.1160000000000000000000000E+06,.3599747008876443840563297E+07
.1162000000000000000000000E+06,.3599746744852105621248484E+07
.1164000000000000000000000E+06,.3599746481209061574190855E+07
.1166000000000000000000000E+06,.3599746217946231830865145E+07
.1168000000000000000000000E+06,.3599745955062541645020247E+07
.1170000000000000000000000E+06,.3599745692556919530034065E+07
.1172000000000000000000000E+06,.3599745430428299587219954E+07
.1174000000000000000000000E+06,.3599745168675619643181562E+07
.1176000000000000000000000E+06,.3599744907297822181135416E+07
.1178000000000000000000000E+06,.3599744646293853409588337E+07
.1180000000000000000000000E+06,.3599744385662664659321308E+07
.1182000000000000000000000E+06,.3599744125403211452066898E+07
.1184000000000000000000000E+06,.3599743865514453500509262E+07
.1186000000000000000000000E+06,.3599743605995354242622852E+07
.1188000000000000000000000E+06,.3599743346844881772994995E+07
.1190000000000000000000000E+06,.3599743088062008842825890E+07
.1192000000000000000000000E+06,.3599742829645711928606033E+07
.1194000000000000000000000E+06,.3599742571594971232116222E+07
.1196000000000000000000000E+06,.3599742313908772543072701E+07
.1198000000000000000000000E+06,.3599742056586103979498148E+07
.1200000000000000000000000E+06,.3599741799625959247350693E+07
.1202000000000000000000000E+06,.3599741543027335312217474E+07
.1204000000000000000000000E+06,.3599741286789233330637217E+07
.1206000000000000000000000E+06,.3599741030910658650100231E+07
.1208000000000000000000000E+06,.3599740775390620343387127E+07
.1210000000000000000000000E+06,.3599740520228132139891386E+07
.1212000000000000000000000E+06,.3599740265422211028635502E+07
.1214000000000000000000000E+06,.3599740010971878189593554E+07
.1216000000000000000000000E+06,.3599739756876159459352493E+07
.1218000000000000000000000E+06,.3599739503134083468466997E+07
.1220000000000000000000000E+06,.3599739249744683038443327E+07
.1222000000000000000000000E+06,.3599738996706995181739330E+07
.1224000000000000000000000E+06,.3599738744020060636103153E+07
.1226000000000000000000000E+06,.3599738491682924330234528E+07
.1228000000000000000000000E+06,.3599738239694634452462196E+07
.1230000000000000000000000E+06,.3599737988054242916405201E+07
.1232000000000000000000000E+06,.3599737736760805826634169E+07
.1234000000000000000000000E+06,.3599737485813383013010025E+07
.1236000000000000000000000E+06,.3599737235211037565022707E+07
.1238000000000000000000000E+06,.3599736984952837694436312E+07
.1240000000000000000000000E+06,.3599736735037853009998798E+07
.1242000000000000000000000E+06,.3599736485465158708393574E+07
.1244000000000000000000000E+06,.3599736236233833245933056E+07
.1246000000000000000000000E+06,.3599735987342958338558674E+07
.1248000000000000000000000E+06,.3599735738791618961840868E+07
.1250000000000000000000000E+06,.3599735490578905213624239E+07
.1252000000000000000000000E+06,.3599735242703908588737249E+07
.1254000000000000000000000E+06,.3599734995165726169943810E+07
.1256000000000000000000000E+06,.3599734747963457833975554E+07
.1258000000000000000000000E+06,.3599734501096206251531839E+07
.1260000000000000000000000E+06,.3599734254563079215586185E+07
.1262000000000000000000000E+06,.3599734008363186381757259E+07
.1264000000000000000000000E+06,.3599733762495641596615314E+07
.1266000000000000000000000E+06,.3599733516959562432020903E+07
.1268000000000000000000000E+06,.3599733271754069719463587E+07
.1270000000000000000000000E+06,.3599733026878287550061941E+07
.1272000000000000000000000E+06,.3599732782331343274563551E+07
.1274000000000000000000000E+06,.3599732538112367969006300E+07
.1276000000000000000000000E+06,.3599732294220496434718370E+07
.1278000000000000000000000E+06,.3599732050654865801334381E+07
.1280000000000000000000000E+06,.3599731807414617389440536E+07
.1282000000000000000000000E+06,.3599731564498895313590765E+07
.1284000000000000000000000E+06,.3599731321906847879290581E+07
.1286000000000000000000000E+06,.3599731079637625254690647E+07
.1288000000000000000000000E+06,.3599730837690382730215788E+07
.1290000000000000000000000E+06,.3599730596064276993274689E+07
.1292000000000000000000000E+06,.3599730354758468922227621E+07
.1294000000000000000000000E+06,.3599730113772122189402580E+07
.1296000000000000000000000E+06,.3599729873104405123740435E+07
.1298000000000000000000000E+06,.3599729632754486985504627E+07
.1300000000000000000000000E+06,.3599729392721541691571474E+07
.1302000000000000000000000E+06,.3599729153004746418446302E+07
.1304000000000000000000000E+06,.3599728913603280205279589E+07
.1306000000000000000000000E+06,.3599728674516326747834682E+07
.1308000000000000000000000E+06,.3599728435743072070181370E+07
.1310000000000000000000000E+06,.3599728197282704990357161E+07
.1312000000000000000000000E+06,.3599727959134418051689863E+07
.1314000000000000000000000E+06,.3599727721297407057136297E+07
.1316000000000000000000000E+06,.3599727483770869672298431E+07
.1318000000000000000000000E+06,.3599727246554007753729820E+07
.1320000000000000000000000E+06,.3599727009646025486290455E+07
.1322000000000000000000000E+06,.3599726773046130780130625E+07
.1324000000000000000000000E+06,.3599726536753534339368343E+07
.1326000000000000000000000E+06,.3599726300767448730766773E+07
.1328000000000000000000000E+06,.3599726065087091643363237E+07
.1330000000000000000000000E+06,.3599725829711681231856346E+07
.1332000000000000000000000E+06,.3599725594640440307557583E+07
.1334000000000000000000000E+06,.3599725359872594475746155E+07
.1336000000000000000000000E+06,.3599725125407371204346418E+07
.1338000000000000000000000E+06,.3599724891244002152234316E+07
.1340000000000000000000000E+06,.3599724657381721306592226E+07
.1342000000000000000000000E+06,.3599724423819764517247677E+07
.1344000000000000000000000E+06,.3599724190557372756302357E+07
.1346000000000000000000000E+06,.3599723957593787461519241E+07
.1348000000000000000000000E+06,.3599723724928254261612892E+07
.1350000000000000000000000E+06,.3599723492560021113604307E+07
.1352000000000000000000000E+06,.3599723260488339234143496E+07
.1354000000000000000000000E+06,.3599723028712462168186903E+07
.1356000000000000000000000E+06,.3599722797231646254658699E+07
.1358000000000000000000000E+06,.3599722566045151092112064E+07
.1360000000000000000000000E+06,.3599722335152238141745329E+07
.1362000000000000000000000E+06,.3599722104552172590047121E+07
.1364000000000000000000000E+06,.3599721874244221020489931E+07
.1366000000000000000000000E+06,.3599721644227654673159122E+07
.1368000000000000000000000E+06,.3599721414501745253801346E+07
.1370000000000000000000000E+06,.3599721185065769124776125E+07
.1372000000000000000000000E+06,.3599720955919003579765558E+07
.1374000000000000000000000E+06,.3599720727060730103403330E+07
.1376000000000000000000000E+06,.3599720498490231577306986E+07
.1378000000000000000000000E+06,.3599720270206794608384371E+07
.1380000000000000000000000E+06,.3599720042209707666188478E+07
.1382000000000000000000000E+06,.3599719814498261548578739E+07
.1384000000000000000000000E+06,.3599719587071750313043594E+07
.1386000000000000000000000E+06,.3599719359929470811039209E+07
.1388000000000000000000000E+06,.3599719133070721756666899E+07
.1390000000000000000000000E+06,.3599718906494804657995701E+07
.1392000000000000000000000E+06,.3599718680201023351401091E+07
.1394000000000000000000000E+06,.3599718454188684932887554E+07
.1396000000000000000000000E+06,.3599718228457097895443439E+07
.1398000000000000000000000E+06,.3599718003005574457347393E+07
.1400000000000000000000000E+06,.3599717777833428699523211E+07
.1402000000000000000000000E+06,.3599717552939977031201124E+07
.1404000000000000000000000E+06,.3599717328324538189917803E+07
.1406000000000000000000000E+06,.3599717103986434172838926E+07
.1408000000000000000000000E+06,.3599716879924988839775324E+07
.1410000000000000000000000E+06,.3599716656139528844505548E+07
.1412000000000000000000000E+06,.3599716432629382237792015E+07
.1414000000000000000000000E+06,.3599716209393880795687437E+07
.1416000000000000000000000E+06,.3599715986432358156889677E+07
.1418000000000000000000000E+06,.3599715763744150288403034E+07
.1420000000000000000000000E+06,.3599715541328595019876957E+07
.1422000000000000000000000E+06,.3599715319185034371912479E+07
.1424000000000000000000000E+06,.3599715097312809899449348E+07
.1426000000000000000000000E+06,.3599714875711268745362759E+07
.1428000000000000000000000E+06,.3599714654379757121205330E+07
.1430000000000000000000000E+06,.3599714433317625895142555E+07
.1432000000000000000000000E+06,.3599714212524227797985077E+07
.1434000000000000000000000E+06,.3599713991998916957527399E+07
.1436000000000000000000000E+06,.3599713771741050295531750E+07
.1438000000000000000000000E+06,.3599713551749987993389368E+07
.1440000000000000000000000E+06,.3599713332025090232491493E+07
.1442000000000000000000000E+06,.3599713112565722316503525E+07
.1444000000000000000000000E+06,.3599712893371249083429575E+07
.1446000000000000000000000E+06,.3599712674441039562225342E+07
.1448000000000000000000000E+06,.3599712455774464178830385E+07
.1450000000000000000000000E+06,.3599712237370895221829414E+07
.1452000000000000000000000E+06,.3599712019229708239436150E+07
.1454000000000000000000000E+06,.3599711801350280176848173E+07
.1456000000000000000000000E+06,.3599711583731989841908216E+07
.1458000000000000000000000E+06,.3599711366374219302088022E+07
.1460000000000000000000000E+06,.3599711149276352487504482E+07
.1462000000000000000000000E+06,.3599710932437774259597063E+07
.1464000000000000000000000E+06,.3599710715857873670756817E+07
.1466000000000000000000000E+06,.3599710499536040239036083E+07
.1468000000000000000000000E+06,.3599710283471665810793638E+07
.1470000000000000000000000E+06,.3599710067664145957678556E+07
.1472000000000000000000000E+06,.3599709852112875785678625E+07
.1474000000000000000000000E+06,.3599709636817254591733217E+07
.1476000000000000000000000E+06,.3599709421776683069765568E+07
.1478000000000000000000000E+06,.3599709206990563310682774E+07
.1480000000000000000000000E+06,.3599708992458301130682230E+07
.1482000000000000000000000E+06,.3599708778179302345961332E+07
.1484000000000000000000000E+06,.3599708564152976032346487E+07
.1486000000000000000000000E+06,.3599708350378734059631824E+07
.1488000000000000000000000E+06,.3599708136855988297611475E+07
.1490000000000000000000000E+06,.3599707923584154341369867E+07
.1492000000000000000000000E+06,.3599707710562648717314005E+07
.1494000000000000000000000E+06,.3599707497790891211479902E+07
.1496000000000000000000000E+06,.3599707285268302075564861E+07
.1498000000000000000000000E+06,.3599707072994304820895195E+07
.1500000000000000000000000E+06,.3599706860968323890119791E+07
.1502000000000000000000000E+06,.3599706649189786519855261E+07
.1504000000000000000000000E+06,.3599706437658121809363365E+07
.1506000000000000000000000E+06,.3599706226372760254889727E+07
.1508000000000000000000000E+06,.3599706015333134680986404E+07
.1510000000000000000000000E+06,.3599705804538680240511894E+07
.1512000000000000000000000E+06,.3599705593988833017647266E+07
.1514000000000000000000000E+06,.3599705383683031890541315E+07
.1516000000000000000000000E+06,.3599705173620717134326696E+07
.1518000000000000000000000E+06,.3599704963801331352442503E+07
.1520000000000000000000000E+06,.3599704754224319010972977E+07
.1522000000000000000000000E+06,.3599704544889125507324934E+07
.1524000000000000000000000E+06,.3599704335795199498534203E+07
.1526000000000000000000000E+06,.3599704126941990572959185E+07
.1528000000000000000000000E+06,.3599703918328950647264719E+07
.1530000000000000000000000E+06,.3599703709955533035099506E+07
.1532000000000000000000000E+06,.3599703501821193844079971E+07
.1534000000000000000000000E+06,.3599703293925389181822538E+07
.1536000000000000000000000E+06,.3599703086267579346895218E+07
.1538000000000000000000000E+06,.3599702878847224637866020E+07
.1540000000000000000000000E+06,.3599702671663787681609392E+07
.1542000000000000000000000E+06,.3599702464716732967644930E+07
.1544000000000000000000000E+06,.3599702258005527313798666E+07
.1546000000000000000000000E+06,.3599702051529638003557920E+07
.1548000000000000000000000E+06,.3599701845288535580039024E+07
.1550000000000000000000000E+06,.3599701639281691517680883E+07
.1552000000000000000000000E+06,.3599701433508579153567553E+07
.1554000000000000000000000E+06,.3599701227968673687428236E+07
.1556000000000000000000000E+06,.3599701022661452181637287E+07
.1558000000000000000000000E+06,.3599700817586392629891634E+07
.1560000000000000000000000E+06,.3599700612742976285517216E+07
.1562000000000000000000000E+06,.3599700408130684401839972E+07
.1564000000000000000000000E+06,.3599700203749001491814852E+07
.1566000000000000000000000E+06,.3599699999597412534058094E+07
.1568000000000000000000000E+06,.3599699795675404835492373E+07
.1570000000000000000000000E+06,.3599699591982467565685511E+07
.1572000000000000000000000E+06,.3599699388518091291189194E+07
.1574000000000000000000000E+06,.3599699185281767975538969E+07
.1576000000000000000000000E+06,.3599698982272991910576820E+07
.1578000000000000000000000E+06,.3599698779491258319467306E+07
.1580000000000000000000000E+06,.3599698576936064753681421E+07
.1582000000000000000000000E+06,.3599698374606910161674023E+07
.1584000000000000000000000E+06,.3599698172503295354545116E+07
.1586000000000000000000000E+06,.3599697970624721609055996E+07
.1588000000000000000000000E+06,.3599697768970693927258253E+07
.1590000000000000000000000E+06,.3599697567540716379880905E+07
.1592000000000000000000000E+06,.3599697366334297228604555E+07
.1594000000000000000000000E+06,.3599697165350944735109806E+07
.1596000000000000000000000E+06,.3599696964590169023722410E+07
.1598000000000000000000000E+06,.3599696764051482547074556E+07
.1600000000000000000000000E+06,.3599696563734397757798433E+07
.1602000000000000000000000E+06,.3599696363638430368155241E+07
.1604000000000000000000000E+06,.3599696163763096556067467E+07
.1606000000000000000000000E+06,.3599695964107914827764034E+07
.1608000000000000000000000E+06,.3599695764672405086457729E+07
.1610000000000000000000000E+06,.3599695565456088166683912E+07
.1612000000000000000000000E+06,.3599695366458487231284380E+07
.1614000000000000000000000E+06,.3599695167679126374423504E+07
.1616000000000000000000000E+06,.3599694969117532018572092E+07
.1618000000000000000000000E+06,.3599694770773231051862240E+07
.1620000000000000000000000E+06,.3599694572645752225071192E+07
.1622000000000000000000000E+06,.3599694374734626617282629E+07
.1624000000000000000000000E+06,.3599694177039386238902807E+07
.1626000000000000000000000E+06,.3599693979559564031660557E+07
.1628000000000000000000000E+06,.3599693782294695265591145E+07
.1630000000000000000000000E+06,.3599693585244316607713699E+07
.1632000000000000000000000E+06,.3599693388407965190708637E+07
.1634000000000000000000000E+06,.3599693191785181406885386E+07
.1636000000000000000000000E+06,.3599692995375506114214659E+07
.1638000000000000000000000E+06,.3599692799178480636328459E+07
.1640000000000000000000000E+06,.3599692603193650022149086E+07
.1642000000000000000000000E+06,.3599692407420558389276266E+07
.1644000000000000000000000E+06,.3599692211858753580600023E+07
.1646000000000000000000000E+06,.3599692016507782973349094E+07
.1648000000000000000000000E+06,.3599691821367196273058653E+07
.1650000000000000000000000E+06,.3599691626436545047909021E+07
.1652000000000000000000000E+06,.3599691431715380866080523E+07
.1654000000000000000000000E+06,.3599691237203258089721203E+07
.1656000000000000000000000E+06,.3599691042899732012301683E+07
.1658000000000000000000000E+06,.3599690848804359324276447E+07
.1660000000000000000000000E+06,.3599690654916697647422552E+07
.1662000000000000000000000E+06,.3599690461236306931823492E+07
.1664000000000000000000000E+06,.3599690267762747593224049E+07
.1666000000000000000000000E+06,.3599690074495582375675440E+07
.1668000000000000000000000E+06,.3599689881434374488890171E+07
.1670000000000000000000000E+06,.3599689688578689005225897E+07
.1672000000000000000000000E+06,.3599689495928092394024134E+07
.1674000000000000000000000E+06,.3599689303482152055948973E+07
.1676000000000000000000000E+06,.3599689111240437254309654E+07
.1678000000000000000000000E+06,.3599688919202518183737993E+07
.1680000000000000000000000E+06,.3599688727367966901510954E+07
.1682000000000000000000000E+06,.3599688535736356396228075E+07
.1684000000000000000000000E+06,.3599688344307260587811470E+07
.1686000000000000000000000E+06,.3599688153080255724489689E+07
.1688000000000000000000000E+06,.3599687962054918520152569E+07
.1690000000000000000000000E+06,.3599687771230828016996384E+07
.1692000000000000000000000E+06,.3599687580607562791556120E+07
.1694000000000000000000000E+06,.3599687390184704679995775E+07
.1696000000000000000000000E+06,.3599687199961835984140635E+07
.1698000000000000000000000E+06,.3599687009938539471477270E+07
.1700000000000000000000000E+06,.3599686820114400703459978E+07
.1702000000000000000000000E+06,.3599686630489005707204342E+07
.1704000000000000000000000E+06,.3599686441061941441148520E+07
.1706000000000000000000000E+06,.3599686251832796726375818E+07
.1708000000000000000000000E+06,.3599686062801162246614695E+07
.1710000000000000000000000E+06,.3599685873966628219932318E+07
.1712000000000000000000000E+06,.3599685685328788124024868E+07
.1714000000000000000000000E+06,.3599685496887234505265951E+07
.1716000000000000000000000E+06,.3599685308641563169658184E+07
.1718000000000000000000000E+06,.3599685120591369923204184E+07
.1720000000000000000000000E+06,.3599684932736252434551716E+07
.1722000000000000000000000E+06,.3599684745075809303671122E+07
.1724000000000000000000000E+06,.3599684557609640527516603E+07
.1726000000000000000000000E+06,.3599684370337347500026226E+07
.1728000000000000000000000E+06,.3599684183258531615138054E+07
