.4000000000000000931322575E+07
.4079782642162181437015533E+07
.4088528998542807996273041E+07
.4096459114913243800401688E+07
.4104334728002674877643585E+07
.4112171802864551544189453E+07
.4119892452272490598261356E+07
.4127448953962835483253002E+07
.4134743149606178514659405E+07
.4141688087715331465005875E+07
.4148239356371921487152576E+07
.4154384311880285385996103E+07
.4160132049864349886775017E+07
.4165504766003225930035114E+07
.4170531322465087752789259E+07
.4175242926422005519270897E+07
.4179670467817974276840687E+07
.4183843023425081279128790E+07
.4187787122884692624211311E+07
.4191526486462637782096863E+07
.4195082041423354297876358E+07
.4198472093774865381419659E+07
.4201712577190783806145191E+07
.4204817330312406644225121E+07
.4207798372324588708579540E+07
.4210666159753384999930859E+07
.4213429816164357587695122E+07
.4216097332104161381721497E+07
.4218675736229213885962963E+07
.4221171240242845378816128E+07
.4223589360919974744319916E+07
.4225935022535759024322033E+07
.4228212642517538741230965E+07
.4230426203030878677964211E+07
.4232579311071742326021194E+07
.4234675248150194063782692E+07
.4236717012118373066186905E+07
.4238707352209198288619518E+07
.4240648798516076058149338E+07
.4242543687003158964216709E+07
.4244394180794992484152317E+07
.4246202288472238928079605E+07
.4247969879833803512156010E+07
.4249698699534220620989799E+07
.4251390378974852152168751E+07
.4253046446648003533482552E+07
.4254668337209952995181084E+07
.4256257399463824927806854E+07
.4257814903385527431964874E+07
.4259342046365822665393353E+07
.4260839958841275423765182E+07
.4262309709300985559821129E+07
.4263752308779854327440262E+07
.4265168714979374781250954E+07
.4266559835972107946872711E+07
.4267926533558778464794159E+07
.4269269626404499635100365E+07
.4270589892833646386861801E+07
.4271888073387540876865387E+07
.4273164873215899802744389E+07
.4274420964237597770988941E+07
.4275656987163231708109379E+07
.4276873553362660109996796E+07
.4278071246557155624032021E+07
.4279250624407156370580196E+07
.4280412220037978142499924E+07
.4281556543395947664976120E+07
.4282684082549157552421093E+07
.4283795304899189621210098E+07
.4284890658300560899078846E+07
.4285970572098919190466404E+07
.4287035458163478411734104E+07
.4288085711771766655147076E+07
.4289121712469430640339851E+07
.4290143824905600398778915E+07
.4291152399603456258773804E+07
.4292147773648369126021862E+07
.4293130271378407254815102E+07
.4294100205024219118058681E+07
.4295057875271964818239212E+07
.4296003571882128715515137E+07
.4296937574212799780070782E+07
.4297860151700783520936966E+07
.4298771564316885545849800E+07
.4299672063045516610145569E+07
.4300561890333419665694237E+07
.4301441280438335612416267E+07
.4302310459805861115455627E+07
.4303169647485688328742981E+07
.4304019055390595458447933E+07
.4304858888652027584612370E+07
.4305689345935465767979622E+07
.4306510619696262292563915E+07
.4307322896473509259521961E+07
.4308126357118999585509300E+07
.4308921177054591476917267E+07
.4309707526523185893893242E+07
.4310485570764364674687386E+07
.4311255470246727578341961E+07
.4312017380837561562657356E+07
.4312771454025152139365673E+07
.4313517837067722342908382E+07
.4314256673168338835239410E+07
.4314988101628715172410011E+07
.4315712258007172495126724E+07
.4316429274266045540571213E+07
.4317139278879709541797638E+07
.4317842396985182538628578E+07
.4318538750509412959218025E+07
.4319228458273144438862801E+07
.4319911636115506291389465E+07
.4320588396969746798276901E+07
.4321258850980633869767189E+07
.4321923105624848045408726E+07
.4322581265778947621583939E+07
.4323233433804435655474663E+07
.4323879709624379873275757E+07
.4324520190833184868097305E+07
.4325154972733797505497932E+07
.4325784148459798656404018E+07
.4326407808997407555580139E+07
.4327026043268324807286263E+07
.4327638938216064125299454E+07
.4328246578809802420437336E+07
.4328849048155030235648155E+07
.4329446427536219358444214E+07
.4330038796478160656988621E+07
.4330626232763045467436314E+07
.4331208812498023733496666E+07
.4331786610198739916086197E+07
.4332359698792692273855209E+07
.4332928149645546451210976E+07
.4333492032669577747583389E+07
.4334051416295075789093971E+07
.4334606367558931931853294E+07
.4335156952120172791182995E+07
.4335703234288510866463184E+07
.4336245277083877474069595E+07
.4336783142255507409572601E+07
.4337316890313837677240372E+07
.4337846580563953146338463E+07
.4338372271130425855517387E+07
.4338894019000183790922165E+07
.4339411880038530565798283E+07
.4339925909036598168313503E+07
.4340436159712238237261772E+07
.4340942684752865694463253E+07
.4341445535838281735777855E+07
.4341944763656544499099255E+07
.4342440417932959273457527E+07
.4342932547447368502616882E+07
.4343421200071705505251884E+07
.4343906422769444994628429E+07
.4344388261646945029497147E+07
.4344866761949112638831139E+07
.4345341968084308318793774E+07
.4345813923639822751283646E+07
.4346282671396056190133095E+07
.4346748253379741683602333E+07
.4347210710826151072978973E+07
.4347670084234800189733505E+07
.4348126413391440175473690E+07
.4348579737351999618113041E+07
.4349030094494475051760674E+07
.4349477522503203712403774E+07
.4349922058372702449560165E+07
.4350363738471765071153641E+07
.4350802598521770909428596E+07
.4351238673628210090100765E+07
.4351671998283862136304379E+07
.4352102606368324719369411E+07
.4352530531187348067760468E+07
.4352955805477107875049114E+07
.4353378461419809609651566E+07
.4353798530633175745606422E+07
.4354216044196954928338528E+07
.4354631032667142339050770E+07
.4355043526101029478013515E+07
.4355453554041646420955658E+07
.4355861145528069697320461E+07
.4356266329132863320410252E+07
.4356669132945997640490532E+07
.4357069584592668339610100E+07
.4357467711230886168777943E+07
.4357863539591396227478981E+07
.4358257095978049561381340E+07
.4358648406262841075658798E+07
.4359037495876360684633255E+07
.4359424389849131926894188E+07
.4359809112825012765824795E+07
.4360191689049444161355495E+07
.4360572142375416122376919E+07
.4360950496253235265612602E+07
.4361326773797636851668358E+07
.4361700997745115309953690E+07
.4362073190478474833071232E+07
.4362443374027971178293228E+07
.4362811570086891762912273E+07
.4363177800005760043859482E+07
.4363542084805735386908054E+07
.4363904445177195593714714E+07
.4364264901504863053560257E+07
.4364623473856819793581963E+07
.4364980182005941867828369E+07
.4365335045404114760458469E+07
.4365688083221409469842911E+07
.4366039314345849677920341E+07
.4366388757381387986242771E+07
.4366736430630479007959366E+07
.4367082352145490236580372E+07
.4367426539712586440145969E+07
.4367769010849000886082649E+07
.4368109782804591581225395E+07
.4368448872587064281105995E+07
.4368786296958625316619873E+07
.4369122072428330779075623E+07
.4369456215278337709605694E+07
.4369788741550988517701626E+07
.4370119667047483846545219E+07
.4370449007354913279414177E+07
.4370776777846803888678551E+07
.4371102993677970021963120E+07
.4371427669763167388737202E+07
.4371750820818916894495487E+07
.4372072461360267363488674E+07
.4372392605700842104852200E+07
.4372711267950462177395821E+07
.4373028462020839564502239E+07
.4373344201641283929347992E+07
.4373658500336414203047752E+07
.4373971371458349749445915E+07
.4374282828178668394684792E+07
.4374592883483095094561577E+07
.4374901550177080556750298E+07
.4375208840914530679583549E+07
.4375514768158340826630592E+07
.4375819344199553132057190E+07
.4376122581185224466025829E+07
.4376424491091269999742508E+07
.4376725085737923160195351E+07
.4377024376789946109056473E+07
.4377322375761432573199272E+07
.4377619094006493687629700E+07
.4377914542724743485450745E+07
.4378208732975018210709095E+07
.4378501675693718716502190E+07
.4378793381658085621893406E+07
.4379083861512413248419762E+07
.4379373125754714943468571E+07
.4379661184765637852251530E+07
.4379948048789352178573608E+07
.4380233727931471541523933E+07
.4380518232171424664556980E+07
.4380801571375397033989429E+07
.4381083755271944217383862E+07
.4381364793468981049954891E+07
.4381644695455483160912991E+07
.4381923470603301189839840E+07
.4382201128177340142428875E+07
.4382477677332427352666855E+07
.4382753127101720310747623E+07
.4383027486405128613114357E+07
.4383300764056348241865635E+07
.4383572968763877637684345E+07
.4383844109130820259451866E+07
.4384114193649692460894585E+07
.4384383230720865540206432E+07
.4384651228645378723740578E+07
.4384918195616606622934341E+07
.4385184139742699451744556E+07
.4385450260274162515997887E+07
